0.183879,
-0.069475,
0.260298,
-0.792796,
0.304973,
-0.642674,
0.101100,
-0.379918,
0.541878,
-0.099710,
0.461599,
-0.372605,
-0.006078,
0.655119,
-1.188131,
0.482867,
-0.206990,
-0.317475,
0.648086,
-0.688318,
-1.237522,
0.706298,
-0.313183,
-0.300767,
-0.352297,
-0.532223,
-0.769716,
0.100948,
-0.268597,
-0.499747,
-0.343977,
-0.449561,
-0.498634,
-0.333651,
-0.363111,
-0.456868,
0.575593,
0.392571,
0.429634,
-0.261859,
-0.113974,
-0.851779,
-0.807383,
-0.451218,
0.689755,
-0.115425,
-0.167105,
-0.691958,
0.061776,
0.203689,
-0.542062,
-0.339910,
-0.471711,
0.295456,
0.130049,
-0.595852,
0.023081,
-0.668685,
-0.928542,
0.002363,
-0.950783,
0.375517,
-0.288602,
0.150845,
-0.241310,
0.835615,
-0.583145,
-0.149655,
-0.391467,
0.560909,
-0.108192,
-0.106617,
0.379012,
0.151102,
0.114620,
0.094175,
-0.110621,
0.160207,
0.218998,
0.379085,
0.281560,
-0.940829,
0.236886,
0.006514,
-0.375051,
-0.592744,
-0.825460,
0.157283,
-0.211156,
0.668645,
-0.309968,
-0.378994,
-0.404725,
-0.325324,
-0.205669,
-0.529853,
0.252443,
0.230099,
0.025946,
-0.918597,
0.287882,
-0.137589,
0.694449,
-0.355457,
0.372855,
0.058650,
0.868909,
-0.669007,
-0.371550,
-0.408414,
-0.235486,
0.133172,
-0.328243,
-0.303710,
-0.021884,
-0.404450,
-0.490147,
0.890863,
0.082139,
-0.972625,
-0.358211,
-0.084891,
-0.432106,
-0.471989,
-0.338036,
0.276751,
-0.259786,
0.551410,
0.239875,
-0.824819,
0.378956,
-0.038775,
-0.014776,
-0.285424,
-0.207384,
0.371512,
0.431968,
-0.121012,
-1.036878,
0.322217,
-0.205138,
0.053099,
0.314408,
0.239973,
-0.187563,
0.332163,
0.412264,
0.052669,
0.015265,
-0.146729,
-0.147971,
-0.364263,
0.216668,
0.061729,
-0.186831,
-0.299680,
0.070338,
-0.452054,
-0.143761,
0.278008