0.080143,
0.022753,
0.023537,
0.026485,
0.018736,
0.146092,
0.226878,
0.027187,
0.038467,
-0.072957,
0.070912,
0.127704,
0.094319,
0.074930,
0.196877,
-0.008434,
0.071249,
-0.088372,
-0.040351,
0.189042,
-0.144217,
-0.123487,
-0.044284,
0.036453,
0.311496,
0.073026,
0.134722,
0.117477,
0.018310,
0.100023,
0.089071,
-0.021855,
-0.027335,
0.064315,
0.056706,
0.360140,
0.075050,
0.054617,
-0.158403,
-0.014941,
0.096436,
-0.023770,
0.089174,
0.013795,
0.072691,
-0.103377,
0.120384,
-0.034986,
-0.080954,
-0.018126,
0.011481,
0.002218,
0.003363,
-0.028767,
0.067257,
0.081874,
0.090140,
0.106697,
-0.009953,
0.044694,
-0.119033,
-0.011297,
0.038870,
-0.017228