-0.372808,
-0.587956,
0.537895,
0.249550,
0.122983,
0.651979,
-0.376357,
-0.045139,
0.310758,
-0.319310,
0.722170,
-0.358131,
-0.313514,
-0.609059,
0.579993,
0.333538,
0.149137,
-0.169426,
-0.177121,
-0.422926,
-0.096931,
-0.271082,
0.413233,
-0.036928,
0.247185,
-0.013720,
0.235214,
-0.452541,
0.212219,
-0.299844,
-0.108253,
-0.038232,
0.381153,
0.205870,
-0.331006,
0.197200,
-0.280878,
-0.351604,
0.166114,
0.241686,
0.339900,
-0.094366,
-0.074816,
-0.267878,
-0.142363,
-0.379307,
-0.110860,
-0.344212,
0.332738,
-0.112871,
0.412337,
-0.219328,
0.306637,
-0.336947,
-0.395957,
-0.310256,
0.444457,
0.389708,
0.231616,
0.164081,
0.559397,
-0.268424,
-0.347316,
0.658795,
0.060747,
0.149648,
0.020027,
0.326072,
0.059706,
-0.371047,
-0.269175,
-0.139165,
-0.315262,
-0.391429,
0.116606,
0.224221,
0.295016,
0.098140,
-0.430513,
0.566195,
-0.612599,
-0.249064,
0.157481,
0.268406,
-0.265756,
0.050395,
0.429117,
0.272595,
-0.357568,
-0.001929,
0.258578,
0.330039,
0.340744,
0.311481,
0.400166,
-0.224308,
-0.351142,
0.236773,
0.550950,
-0.401011,
-0.574269,
0.407126,
-0.406016,
-0.305448,
-0.146536,
-0.316367,
-0.486973,
-0.199932,
0.496015,
0.158342,
-0.232781,
0.134626,
0.025251,
-0.355866,
-0.297129,
0.515558,
-0.133306,
-0.515598,
-0.169716,
0.365413,
0.010387,
0.075898,
0.199437,
-0.162343,
-0.352598,
-0.372902,
-0.233434,
0.222140,
-0.173205,
-0.041592,
0.503796,
0.052443,
0.457740,
-0.186312,
0.225307,
-0.250313,
0.402517,
-0.097299,
0.247536,
0.183925,
-0.356994,
0.203478,
0.194887,
-0.112756,
0.132065,
0.285818,
-0.390891,
-0.166985,
-0.160529,
0.087159,
0.150651,
-0.286592,
0.239308,
0.085676,
-0.605199,
0.311516,
0.506807,
-0.116584,
-0.207565,
-0.411591,
0.198458,
0.238427,
-0.252489,
0.526435,
0.296137,
-0.339262,
0.270258,
0.195607,
-0.361358,
0.104180,
0.156203,
0.523269,
0.143275,
-0.387021,
-0.301614,
0.398203,
0.283880,
-0.179505,
0.413399,
0.191462,
0.563014,
-0.193373,
-0.035654,
0.172023,
-0.279837,
0.046227,
0.577221,
0.230528,
-0.057134,
0.565752,
0.159342,
0.362596,
-0.376130,
-0.254153,
-0.413763,
-0.110139,
-0.044129,
0.315910,
0.256126,
-0.261685,
0.285103,
-0.171377,
-0.391679,
0.378031,
0.173145,
-0.465719,
0.421688,
-0.386701,
0.406606,
0.147773,
-0.325595,
-0.214994,
0.355702,
-0.230773,
-0.193533,
0.222999,
0.353708,
-0.354536,
0.106896,
0.353286,
-0.513159,
0.711777,
-0.207808,
0.808567,
0.134275,
0.197450,
0.363972,
-0.424146,
0.300939,
0.539768,
-0.540985,
0.094480,
-0.347828,
-0.354275,
-0.684841,
0.448650,
0.350914,
-0.265751,
0.022193,
0.304320,
-0.370202,
0.298364,
-0.197675,
0.347876,
-0.182190,
0.189093,
0.394432,
0.228043,
-0.013729,
-0.199080,
0.008526,
0.463505,
-0.023049,
-0.218819,
0.376841,
-0.464384,
-0.032819,
-0.148181,
0.374552,
-0.396557,
0.211668,
-0.176546,
-0.204437,
-0.394472,
-0.235800,
-0.261309,
0.378980,
-0.015039,
0.069254,
0.226103,
-0.065173,
-0.250949,
-0.234829,
-0.431799,
0.079216,
-0.375486,
0.070076,
0.213045,
0.279411,
-0.034042,
0.352726,
-0.226885,
0.249853,
0.221188,
-0.207933,
0.027995,
0.305266,
-0.332072,
-0.317266,
0.357528,
0.231816,
-0.373063,
0.510852,
0.671091,
0.048842,
-0.105445,
0.198738,
-0.365326,
-0.302445,
0.284525,
-0.451153,
0.160749,
-0.289627,
-0.551371,
0.185059,
0.217307,
0.494074,
-0.308293,
0.404625,
0.335167,
0.123610,
-0.404733,
-0.335957,
0.220278,
0.422498,
-0.420079,
0.120044,
-0.050791,
-0.195113,
0.250059,
-0.193526,
0.271765,
0.533322,
0.204100,
-0.155902,
0.351546,
0.175215,
0.582908,
-0.420112,
0.320443,
-0.368093,
0.202670,
0.057280,
-0.203192,
-0.097176,
0.040429,
-0.309200,
0.274326,
-0.036597,
-0.148995,
0.314310,
0.145041,
-0.279617,
0.409651,
0.241194,
0.023738,
-0.224671,
0.282076,
0.481171,
0.459594,
0.249166,
0.476785,
-0.146260,
0.169844,
0.481158,
-0.138348,
-0.115968,
0.182760,
-0.083064,
-0.517623,
0.332352,
0.525586,
-0.011283,
-0.166284,
0.469074,
-0.635007,
0.307348,
0.207397,
0.200594,
-0.317312,
0.227609,
0.036960,
-0.237466,
0.599595,
-0.487442,
0.031318,
-0.321631,
0.309898,
0.186491,
0.626910,
0.114794,
0.188453,
0.014786,
0.237769,
0.063221,
0.207730,
0.517804,
0.332697,
-0.153923,
0.221629,
-0.321415,
0.183193,
-0.096724,
0.126645,
-0.217165,
0.318168,
-0.061257,
0.100769,
-0.288411,
0.125945,
-0.309238,
-0.147402,
-0.012026,
0.547384,
0.152471,
-0.081468,
-0.183306,
-0.103767,
0.073882,
-0.159269,
0.518418,
0.008128,
-0.196985,
0.262735,
0.373679,
0.175875,
0.367269,
-0.108377,
-0.198195,
0.163581,
0.341685,
-0.265831,
0.339576,
0.079444,
-0.100313,
0.032769,
0.462033,
-0.324604,
-0.044198,
-0.475058,
-0.245130,
-0.136477,
-0.281208,
-0.236007,
0.456039,
0.258438,
-0.166871,
0.126614,
0.226836,
0.548442,
0.203563,
0.150191,
0.346427,
0.255382,
0.391462,
0.165907,
0.228049,
-0.149497,
-0.148648,
0.081718,
0.428953,
0.204112,
-0.370328,
-0.263039,
0.074408,
0.366131,
0.043489,
-0.018290,
-0.319858,
0.260978,
-0.371843,
0.713768,
-0.078884,
0.159456,
0.239150,
-0.310123,
0.073580,
-0.099958,
-0.029385,
-0.089361,
-0.223098,
-0.632350,
0.159993,
0.059794,
-0.226890,
-0.489964,
-0.124857,
-0.266025,
-0.193639,
-0.339561,
-0.356089,
0.003235,
-0.278339,
0.208643,
0.049955,
-0.169005,
-0.202913,
0.001050,
-0.166050,
-0.121225,
-0.120622,
0.151917,
0.217594,
-0.301715,
-0.079196,
0.286120,
-0.185513,
0.120554,
0.249184,
0.374817,
0.250248,
-0.353101,
0.045014,
0.264037,
-0.345193,
-0.359078,
-0.183309,
0.222603,
0.497001,
0.422555,
-0.230686,
0.121949,
0.057683,
-0.214898,
0.127227,
0.050987,
-0.367725,
0.382869,
0.347045,
0.032649,
-0.289465,
0.256822,
-0.098148,
0.052828,
0.035123,
0.194983,
-0.099311,
0.100913,
-0.375329,
0.048520,
-0.006751,
-0.382785,
-0.352002,
0.323756,
0.074632,
0.019214,
-0.222020,
0.366323,
0.307059,
-0.271615,
-0.291412,
0.024541,
-0.511366,
0.431176,
-0.100022,
0.064042,
-0.503544,
0.374111,
0.361066,
0.033293,
-0.040840,
-0.012010,
-0.200062,
-0.504874,
0.199962,
-0.318679,
0.324072,
0.052376,
0.110468,
0.288261,
-0.238306,
-0.449852,
0.153426,
0.302581,
0.510962,
0.539566,
-0.131040,
-0.575033,
0.206638,
-0.227169,
0.587044,
-0.175712,
-0.409486,
0.128652,
-0.287045,
-0.070414,
0.215652,
0.399108,
0.360951,
-0.018090,
-0.104271,
0.265328,
0.227486,
-0.054890,
-0.141283,
-0.088779,
0.175370,
0.054927,
0.130851,
0.158025,
-0.428387,
-0.335066,
0.393317,
0.284667,
-0.259861,
-0.019915,
-0.342102,
0.315747,
-0.056162,
-0.139324,
0.235413,
0.304605,
0.170781,
-0.239427,
-0.084326,
0.379984,
-0.184070,
-0.155043,
0.286065,
0.060243,
0.121639,
0.156856,
-0.161995,
0.350191,
-0.443310,
-0.040448,
-0.401408,
0.366751,
-0.272276,
-0.307283,
0.154181,
0.163936,
-0.282934,
-0.158608,
-0.137312,
-0.375176,
-0.215795,
0.349187,
-0.240434,
-0.118780,
0.180630,
-0.373897,
-0.416737,
0.024770,
-0.295268,
-0.232509,
-0.367999,
-0.058078,
-0.395091,
0.107888,
-0.158727,
-0.375930,
0.154309,
0.312045,
0.309555,
-0.319762,
0.423932,
-0.141730,
0.274292,
-0.016773,
-0.471787,
0.087442,
-0.051504,
-0.278296,
-0.189650,
0.372907,
-0.304590,
0.415181,
-0.413372,
0.067024,
0.564511,
-0.063909,
-0.168031,
-0.454899,
-0.105362,
-0.224411,
0.244981,
0.330943,
0.366530,
0.390160,
0.038036,
0.269948,
-0.376215,
0.085957,
0.474055,
0.173128,
0.125583,
-0.334282,
0.108286,
-0.154607,
-0.065992,
0.420447,
0.321873,
0.411805,
0.028783,
-0.496994,
0.602971,
0.581282,
0.418814,
0.182509,
-0.329302,
0.355037,
-0.079279,
0.196201,
-0.167765,
-0.456171,
0.410043,
-0.174242,
0.298103,
0.167382,
-0.034526,
-0.013920,
-0.164957,
0.433752,
-0.205999,
-0.104182,
0.104577,
-0.240980,
-0.258006,
-0.027408,
0.351217,
0.083991,
0.306618,
0.320428,
-0.443108,
0.340499,
-0.159173,
0.259955,
-0.270091,
0.053004,
0.212431,
-0.016848,
-0.496994,
0.415095,
0.108207,
-0.456254,
0.178596,
0.267659,
0.314256,
0.378304,
0.260344,
0.275060,
0.136840,
-0.177496,
0.513821,
0.038272,
-0.287226,
-0.241767,
0.606810,
0.169021,
-0.327919,
0.535401,
-0.056854,
-0.359816,
-0.162205,
-0.053816,
-0.290226,
0.415661,
-0.174457,
0.206362,
0.006014,
-0.187199,
0.120941,
0.286620,
-0.448560,
-0.354706,
-0.268036,
-0.072639,
0.163390,
-0.401537,
-0.149555,
-0.168959,
0.340529,
-0.141102,
-0.020199,
0.285285,
0.072336,
0.351887