-0.089254,
-0.185898,
0.367235,
0.055928,
-0.175347,
-0.168428,
0.471253,
0.266044,
0.489021,
-0.172187,
0.154041,
0.340530,
-0.300033,
-0.187515,
0.476137,
-0.175764,
0.195338,
-0.371239,
0.490792,
-0.467499,
-0.292308,
0.404016,
0.317664,
-0.239366,
-0.182218,
0.007041,
-0.235615,
-0.618040,
0.145764,
0.441598,
0.148584,
-0.089657,
-0.391726,
-0.488059,
0.222826,
-0.126444,
0.382131,
-0.232302,
-0.132821,
0.467340,
0.030005,
0.487898,
-0.168785,
-0.418772,
-0.348634,
-0.404251,
0.037006,
-0.256844,
0.430994,
0.415598,
0.199876,
0.261419,
0.253653,
0.067381,
-0.007092,
0.721278,
-0.109515,
-0.129116,
-0.405529,
0.608762,
-0.304654,
0.401925,
0.218396,
0.252558,
-0.226116,
-0.120319,
0.548438,
0.474465,
-0.433012,
0.247113,
0.119149,
-0.001227,
-0.167907,
0.161875,
0.295351,
-0.389794,
0.249986,
-0.373813,
0.282223,
-0.001743,
0.157109,
-0.221378,
0.482304,
0.436850,
-0.441749,
0.198528,
0.418585,
-0.267612,
-0.628734,
0.053099,
-0.418760,
0.625697,
-0.269735,
-0.126100,
-0.480152,
-0.257228,
-0.453786,
-0.239409,
-0.083959,
0.235538,
0.638753,
0.789635,
-0.148151,
-0.150148,
0.206603,
0.312661,
-0.200871,
0.723234,
0.019580,
-0.300510,
-0.212268,
0.886547,
0.212442,
0.159619,
-0.247158,
0.609515,
-0.374915,
0.044068,
0.521828,
-0.558193,
-0.114110,
-0.140397,
0.338871,
-0.013693,
0.216245,
-0.010802,
-0.153514,
0.134651,
0.194085,
-0.136116,
-0.040664,
-0.211261,
-0.224549,
0.349532,
0.158622,
0.319329,
-0.322702,
0.062292,
-0.307171,
-0.045209,
0.147693,
0.584425,
0.533120,
0.377374,
-0.466273,
-0.349199,
0.405819,
0.429871,
0.554637,
0.266815,
-0.127367,
0.721555,
-0.391182,
0.321863,
-0.446616,
0.359669,
-0.337425,
0.326105,
-0.338378,
-0.618117,
0.300220,
0.140965,
-0.088296,
-0.133278,
-0.089450,
0.015326,
0.337769,
-0.437967,
0.390696,
-0.376018,
-0.285390,
-0.131566,
-0.163464,
-0.291640,
-0.054431,
0.315079,
0.152692,
0.454376,
-0.330097,
0.751832,
0.104171,
-0.275960,
-0.269700,
0.296459,
-0.339896,
-0.293015,
0.272330,
0.253289,
-0.408458,
0.164780,
0.382396,
0.095263,
0.250092,
-0.346364,
0.316815,
-0.070135,
0.113144,
-0.087886,
0.222987,
0.367129,
-0.442092,
0.326799,
-0.111845,
0.182797,
-0.262420,
0.344782,
-0.018464,
0.125023,
-0.443204,
0.918457,
0.190754,
0.284662,
0.460055,
-0.201867,
0.278075,
0.750382,
-0.131128,
0.533535,
-0.180491,
-0.600551,
-0.097550,
0.273152,
0.529303,
-0.294999,
-0.316925,
-0.443485,
0.481832,
-0.431222,
-0.256499,
0.069223,
-0.047189,
0.071569,
0.133014,
-0.323693,
0.274563,
-0.459296,
0.306800,
-0.173113,
0.405017,
0.476166,
-0.512160,
-0.039400,
-0.216315,
-0.336547,
0.315680,
0.256669,
0.800214,
0.440935,
0.666351,
-0.128837,
-0.052577,
-0.818904,
-0.041276,
-0.364878,
-0.017661,
-0.452635,
0.202998,
-0.124583,
-0.105798,
-0.084646,
-0.427755,
0.405229,
0.527181,
0.506809,
0.358365,
0.086430,
-0.175428,
-0.267053,
0.464988,
-0.630939,
-0.474435,
0.891034,
-0.409997,
-0.451406,
-0.440642,
-0.150606,
-0.304197,
-0.164045,
0.545948,
0.226478,
0.530156,
-0.026012,
-0.580731,
0.166593,
-0.071027,
0.141163,
0.808439,
-0.278674,
-0.797444,
-0.206143,
-0.243443,
-0.364599,
0.127011,
-0.141512,
0.068901,
0.362828,
-0.452550,
0.074431,
0.049446,
-0.225639,
0.155806,
-0.537379,
-0.482487,
0.412339,
0.036861,
-0.344771,
-0.447148,
0.398093,
-0.448584,
0.842129,
-0.143956,
-0.588087,
-0.284708,
0.035900,
-0.116053,
0.723188,
0.188776,
-0.443146,
0.407423,
0.365492,
-0.427919,
-0.411194,
0.201880,
0.302522,
0.403036,
-0.158410,
0.062850,
-0.273548,
0.291372,
-0.002572,
0.085830,
-0.426974,
0.371850,
-0.477051,
-0.134472,
0.414926,
-0.031363,
0.437200,
0.329712,
-0.188146,
0.413085,
0.060509,
0.175353,
0.247536,
-0.087316,
-0.464221,
-0.233104,
-0.137303,
-0.424030,
-0.186945,
0.489531,
-0.054525,
-0.062672,
0.360342,
-0.294028,
-0.289223,
-0.012412,
-0.595372,
0.352244,
-0.022136,
0.463740,
-0.320781,
-0.219600,
0.396682,
0.336032,
-0.026781,
0.490372,
-0.490377,
-0.408987,
-0.470126,
-0.032154,
0.175744,
0.261573,
-0.450617,
-0.025836,
-0.776412,
-0.008313,
0.696685,
-0.141605,
0.146579,
-0.293469,
0.430606,
0.623767,
0.544606,
-0.162395,
0.065755,
0.018043,
-0.228299,
0.442303,
0.764915,
-0.270005,
-0.096320,
0.017830,
-0.238048,
0.320444,
-0.421212,
-0.344503,
-0.494378,
0.276287,
0.380183,
-0.069670,
-0.213445,
-0.377894,
0.290468,
0.181583,
0.378569,
0.085373,
-0.030458,
-0.188977,
0.332722,
0.098529,
0.160175,
-0.263884,
-0.054813,
-0.392346,
0.195912,
-0.025464,
0.088314,
-0.048833,
0.345310,
0.178086,
-0.443330,
0.705269,
0.149142,
0.242612,
0.236677,
0.450754,
-0.027509,
-0.323831,
0.539217,
-0.215230,
0.457613,
-0.372251,
-0.224119,
-0.241978,
-0.314942,
-0.444804,
0.279008,
0.032375,
-0.028159,
-0.087198,
0.250502,
0.026271,
0.425458,
-0.348963,
-0.062028,
-0.171933,
-0.423124,
0.005139,
-0.054586,
-0.354778,
-0.345391,
-0.106540,
-0.456157,
-0.124769,
-0.299132,
-0.266374,
0.015707,
0.374097,
-0.173503,
-0.339535,
-0.484248,
-0.408533,
0.298843,
-0.323998,
-0.409261,
0.191334,
-0.361085,
-0.075850,
0.411928,
-0.007805,
-0.151093,
0.144115,
-0.148728,
0.487667,
0.325469,
-0.402523,
0.204585,
-0.267686,
-0.220211