0.325995,
-0.151938,
-0.230806,
0.240801,
-0.400141,
-0.088724,
-0.194814,
0.330146,
-0.112118,
-0.363067,
-0.230345,
0.072410,
0.152113,
-0.082727,
-0.185992,
-0.310283,
-0.153463,
0.282384,
0.102033,
0.146998,
-0.145173,
0.259651,
-0.283423,
0.246556,
0.196178,
-0.056810,
-0.024132,
0.051116,
0.309109,
-0.240498,
0.138041,
0.109695,
-0.149972,
-0.101935,
-0.442906,
-0.004472,
0.011079,
-0.368733,
-0.138005,
-0.208858,
-0.063899,
-0.024337,
0.263503,
-0.044083,
0.343150,
0.189267,
0.166950,
0.021508,
0.263033,
0.219416,
0.179812,
0.188715,
0.309925,
-0.042559,
0.036507,
0.247809,
0.157410,
-0.328582,
-0.011726,
-0.337183,
0.035174,
-0.182349,
-0.079733,
-0.078884,
-0.006091,
-0.290328,
0.201007,
0.291632,
0.058032,
-0.361331,
-0.275789,
-0.043496,
-0.215728,
0.080264,
-0.249338,
-0.246548,
-0.000192,
-0.152144,
0.175570,
0.182048,
0.169384,
-0.201322,
0.160373,
-0.104075,
0.184673,
0.364714,
-0.063047,
-0.078626,
-0.070224,
0.278653,
-0.313082,
-0.147184,
-0.123646,
-0.057922,
-0.137818,
-0.175688,
0.513645,
-0.000934,
0.087497,
-0.324707,
0.010527,
0.137396,
-0.266798,
0.098010,
-0.068191,
0.299057,
-0.074194,
-0.291438,
-0.362480,
-0.091939,
0.029446,
-0.483063,
-0.027738,
0.009847,
0.072486,
0.169093,
-0.035491,
0.174999,
-0.198150,
0.033879,
0.088562,
-0.015802,
0.185414,
-0.159006,
0.040005,
0.291557,
0.033234,
0.016675,
0.021964,
0.266819,
-0.045167,
-0.249010,
0.088934,
-0.320149,
-0.010735,
0.150272,
0.003242,
-0.324980,
-0.063709,
-0.229995,
0.124481,
-0.101161,
0.251366,
0.199615,
0.043186,
-0.251976,
-0.081328,
-0.403818,
0.075573,
0.234587,
-0.279523,
-0.225574,
0.287228,
0.135868,
0.212255,
0.109619,
0.153064,
0.195306,
0.007466,
-0.025704,
-0.026957,
-0.045833,
-0.004618,
0.238932,
0.182853,
-0.307497,
0.145652,
0.069001,
0.039461,
-0.145184,
-0.096969,
0.093336,
0.121156,
-0.213354,
0.083615,
0.356969,
0.326978,
0.140127,
-0.048859,
-0.196732,
-0.273662,
0.099266,
0.188611,
0.221543,
-0.080987,
0.293257,
0.186992,
-0.034889,
0.071356,
0.141409,
0.066377,
0.004503,
0.314045,
0.047524,
-0.179209,
0.065231,
-0.191189,
0.288598,
-0.151276,
0.420048,
0.204851,
0.097671,
-0.303220,
-0.037567,
0.239712,
0.149425,
0.322372,
-0.164879,
-0.004827,
0.064475,
-0.042450,
0.258161,
-0.314044,
-0.031392,
-0.261039,
0.178282,
-0.202426,
0.142782,
-0.087854,
0.388145,
0.029164,
0.087882,
0.437315,
-0.271233,
-0.189507,
-0.289324,
-0.073306,
0.197155,
-0.180700,
0.141320,
0.251762,
-0.050126,
0.342288,
-0.276332,
0.342625,
-0.002050,
0.059913,
0.063804,
0.084695,
0.140269,
-0.119203,
0.136714,
0.134209,
0.244872,
-0.007802,
0.050047,
-0.029259,
0.227342,
0.275467,
0.258973,
0.008836,
0.070324,
-0.253033,
0.026379,
0.084246,
0.072437,
0.380010,
0.211022,
0.348644,
0.014451,
-0.251306,
0.316450,
-0.224539,
-0.189662,
0.040000,
0.112898,
-0.316868,
-0.095899,
-0.339928,
0.384707,
0.133996,
-0.281032,
-0.249162,
-0.140497,
-0.287967,
0.122709,
-0.064347,
-0.097876,
-0.133218,
0.012714,
0.149084,
-0.228923,
-0.261852,
-0.362425,
0.392985,
-0.071819,
-0.057515,
0.217282,
-0.162749,
-0.224880,
0.352048,
0.142639,
-0.145541,
0.297742,
0.080694,
0.306454,
0.136126,
-0.093161,
0.118771,
0.149877,
-0.490969,
-0.276805,
0.103944,
0.000722,
-0.094480,
-0.133145,
-0.128353,
0.135091,
-0.129130,
0.125421,
-0.350381,
-0.249131,
0.289825,
-0.017616,
0.105327,
-0.026683,
0.246646,
-0.263191,
0.402464,
-0.111983,
-0.370255,
0.145549,
-0.254460,
0.200624,
-0.192251,
-0.115215,
-0.040039,
0.017863,
0.141292,
-0.127391,
0.013331,
0.244750,
0.279686,
0.187499,
0.326783,
0.014508,
-0.041965,
-0.088603,
0.211171,
0.137633,
0.007859,
-0.066748,
0.343196,
0.154502,
-0.099489,
0.324422,
-0.266774,
0.045153,
-0.337778,
-0.047827,
-0.145493,
0.044391,
0.132559,
-0.302386,
-0.263046,
0.143968,
0.232593,
0.202486,
-0.024607,
-0.184282,
-0.110886,
0.191816,
-0.096219,
0.274984,
0.197848,
-0.069194,
0.139083,
0.032313,
-0.063812,
0.136170,
0.139921,
0.162941,
-0.265164,
0.326280,
0.036976,
0.055383,
0.073286,
0.249284,
-0.238027,
-0.269315,
-0.116791,
0.242667,
-0.224336,
0.052956,
-0.153134,
-0.126107,
0.330141,
-0.094815,
0.192765,
0.349426,
0.223870,
-0.002601,
0.289324,
0.399981,
0.156063,
0.060312,
-0.090295,
-0.080728,
0.134882,
0.109763,
-0.204716,
-0.189353,
0.283836,
-0.077263,
0.047480,
-0.329696,
-0.114018,
0.126509,
-0.200877,
0.021516,
-0.176652,
0.241478,
0.179671,
0.183382,
-0.208180,
-0.194598,
0.046312,
0.108783,
0.100336,
-0.154059,
-0.084150,
-0.148173,
0.200208,
0.053813,
0.124707,
-0.011919,
0.311360,
0.245801,
0.167886,
0.408639,
-0.125544,
0.381661,
0.067344,
0.093372,
0.311287,
-0.326857,
0.086921,
-0.043309,
0.120559,
-0.208035,
-0.239809,
0.254469,
-0.227359,
-0.070561,
0.106481,
-0.210661,
-0.231631,
0.257018,
-0.181669,
0.277988,
0.279747,
0.145683,
0.001946,
0.180107,
0.132371,
0.255251,
-0.311362,
-0.108037,
0.230769,
0.025017,
0.254401,
-0.005106,
0.285061,
0.157561,
-0.367395,
0.324148,
-0.288132,
0.051511,
0.072385,
0.266455,
-0.204466,
-0.102058,
-0.073048,
-0.344651,
-0.261027,
-0.083384,
0.189057,
-0.017454,
0.052730,
-0.288606,
0.132126,
-0.074507,
0.133207,
-0.187715,
-0.255215,
0.043951,
-0.101760,
0.083616,
-0.238978,
-0.442638,
-0.070732,
-0.211710,
-0.152030,
0.150892,
-0.126766,
0.120575,
0.313294,
-0.080622,
0.223939,
-0.295230,
0.186403,
-0.036168,
-0.270712,
-0.407144,
-0.212041,
-0.102719,
-0.187445,
-0.150231,
-0.036908,
0.077840,
0.095191,
-0.137308,
0.192392,
0.173144,
-0.179671,
0.331545,
-0.413801,
0.110261,
-0.211638,
0.280152,
0.305889,
-0.289437,
-0.072003,
-0.104438,
0.095724,
-0.281092,
0.246105,
0.265274,
-0.060190,
-0.117056,
0.190682,
-0.204752,
0.115157,
-0.220192,
-0.104563,
-0.053000,
0.249751,
0.266158,
-0.081608,
0.156461,
-0.020264,
0.010836,
0.115527,
0.157861,
0.443207,
-0.114788,
-0.278606,
0.051562,
0.052996,
-0.096062,
-0.251297,
-0.211737,
0.139975,
-0.014793,
0.184199,
-0.209198,
-0.020550,
0.198621,
-0.097845,
-0.394952,
-0.152713,
-0.047842,
0.173774,
0.146381,
-0.196622,
0.111741,
-0.279716,
0.186247,
0.062891,
0.034990,
-0.102165,
-0.005983,
0.098229,
0.208693,
-0.185951,
0.291447,
0.468072,
-0.137910,
0.004964,
0.215138,
-0.097070,
0.121361,
-0.144500,
0.050135,
-0.054853,
0.056586,
-0.210667,
-0.129988,
-0.306618,
0.014802,
0.190503,
-0.283784,
0.258346,
0.104655,
-0.188379,
-0.100399,
-0.044758,
0.043938,
0.046100,
-0.414426,
-0.097053,
0.148710,
0.160674,
-0.367517,
0.132495,
-0.006402,
-0.056807,
-0.082979,
0.353635,
-0.280819,
-0.062791,
-0.172332,
-0.067398,
0.295496,
0.224419,
0.246178,
-0.258747,
-0.143011,
-0.285982,
0.003055,
0.144639,
0.050775,
0.010510,
0.272280,
0.091791,
-0.105568,
0.140115,
-0.051160,
0.093268,
-0.042239,
-0.087138,
0.209686,
0.254568,
0.227805,
-0.020181,
0.112429,
0.192731,
0.296836,
0.229476,
-0.277621,
-0.460074,
0.195638,
0.090728,
0.015360,
0.012323,
0.203436,
-0.016289,
0.038147,
0.026525,
0.141716,
-0.073091,
0.284497,
0.034039,
-0.402506,
0.041346,
0.052932,
-0.189949,
-0.260808,
0.131219,
0.277951,
0.201968,
-0.308341,
-0.231377,
-0.155746,
0.001590,
0.254733,
-0.050742,
0.255185,
-0.111099,
-0.038931,
0.108561,
0.009603,
0.160081,
-0.186652,
-0.083237,
-0.334115,
0.346877,
-0.147937,
-0.054847,
-0.206851,
-0.057033,
0.542706,
-0.019256,
-0.074991,
-0.092132,
0.234859,
0.023066,
-0.231357,
-0.060862,
0.015422,
-0.086006,
0.224605,
0.124926,
-0.344197,
0.106961,
-0.016862,
-0.062344,
-0.158915,
0.100972,
0.312423,
-0.225903,
0.060432,
-0.173664,
-0.198846,
-0.118168,
-0.138449,
0.123292,
-0.124731,
-0.401068,
-0.175396,
-0.108427,
0.182519,
0.123588,
-0.300296,
0.046109,
-0.135166,
-0.212720,
0.218746,
0.181835,
0.023240,
-0.266734,
-0.253171,
0.345946,
-0.092647,
-0.218443,
0.023870,
-0.408760,
0.118680,
0.121471,
-0.098046,
0.179832,
0.245832,
0.381009,
-0.275561,
0.441664,
0.256602,
0.345017,
0.160674,
0.374461,
-0.428848,
0.386765,
0.007714,
-0.103453,
-0.194641,
0.219682,
0.428655,
0.129018,
0.186220,
-0.240134,
0.002072,
-0.064091,
-0.290233,
0.176286,
0.286415,
0.072996,
0.385133,
-0.225826,
0.109064,
-0.226453,
-0.158294,
0.115448,
0.024408,
-0.034601,
0.085535,
0.003100,
-0.166946,
0.032485,
-0.059858,
0.070094,
-0.280632,
-0.012748,
-0.131032,
0.092537,
-0.206999,
0.278601,
0.260667,
-0.178382,
0.011866,
-0.284354,
-0.225531,
0.116380,
0.003371,
0.415623,
0.038596,
0.304936,
0.365447,
0.021985,
-0.185852,
-0.117305,
0.126775,
0.042592,
0.293886,
-0.277803,
0.276117,
-0.105935,
0.120079,
0.139519,
0.067102,
0.315781,
-0.233532,
-0.309772,
0.165582,
0.032707,
0.070135,
-0.101196,
0.085944,
-0.269760,
0.335614,
0.256806,
0.066048,
-0.239321,
-0.208670,
0.095226,
-0.112539,
-0.134870,
0.345872,
-0.176950,
-0.317091,
0.051032,
-0.070365,
-0.222255,
0.271363,
0.177678,
-0.044488,
-0.277323,
0.019762,
0.204399,
0.227424,
0.092615,
0.055916,
0.089897,
-0.002074,
-0.062376,
0.140344,
0.151566,
0.314031,
0.214177,
-0.338776,
0.098052,
0.156339,
-0.145725,
0.022806,
0.053296,
-0.175260,
-0.108810,
-0.092127,
0.308456,
0.067197,
-0.188938,
-0.266330,
-0.261580,
-0.080318,
0.286521,
-0.276617,
0.212695,
0.217845,
-0.199567,
-0.204178,
0.081253,
-0.033776,
0.011995,
-0.193701,
0.176097,
0.272684,
-0.263807,
0.091617,
-0.163620,
0.365425,
-0.058910,
-0.260115,
0.257753,
-0.303323,
-0.011576,
0.125618,
-0.066709,
-0.007663,
0.251532,
0.258253,
-0.061802,
0.131044,
-0.087762,
-0.136993,
0.147090,
-0.062365,
-0.107975,
-0.042210,
0.146932,
0.328259,
-0.202415,
0.087713,
-0.151738,
0.163334,
0.016525,
0.249556,
-0.055498,
-0.065294,
0.157862,
0.188198,
0.272994,
0.312917,
-0.018943,
-0.222774,
-0.116637,
0.129503,
0.253252,
0.059330,
0.113912,
-0.023349,
-0.052146,
0.162889,
-0.234015,
0.206989,
0.263874,
0.088025,
-0.200915,
0.109718,
0.251326,
-0.072986,
-0.048262,
-0.431901,
-0.169350,
-0.159192,
-0.125822,
0.004830,
0.129278,
-0.187354,
-0.120560,
0.119448,
0.480112,
0.249603,
0.024326,
0.012564,
0.258591,
-0.264919,
-0.290420,
0.127995,
0.258790,
0.235594,
0.277804,
0.191509,
-0.047101,
0.280937,
-0.091315,
-0.220211,
-0.090508,
-0.121489,
-0.044057,
-0.210293,
0.079316,
-0.140370,
-0.002937,
-0.235305,
0.163656,
0.038555,
0.199935,
-0.285056,
0.187030,
0.241464,
-0.030026,
0.252727,
-0.003963,
-0.080475,
-0.126709,
0.006135,
-0.110509,
-0.173631,
0.326919,
0.202253,
0.150139,
-0.043632,
0.122689,
-0.157119,
0.043372,
-0.021240,
0.083660,
-0.183279,
-0.170432,
0.201318,
0.176632,
0.179835,
-0.247216,
0.076905,
0.212166,
-0.260932,
-0.294179,
-0.084947,
-0.220051,
0.282421,
0.071573,
-0.168225,
-0.286903,
-0.325930,
-0.090767,
-0.121169,
0.063101,
-0.171152,
-0.317376,
0.220284,
-0.135145,
-0.252393,
0.174423,
0.186400,
0.110082,
-0.207715,
0.180440,
-0.121494,
-0.160723,
0.281591,
0.084505,
0.152391,
0.036556,
-0.205743,
0.128604,
-0.117611,
0.128077,
0.013223,
-0.153292,
-0.267242,
0.248039,
0.200524,
0.219086,
-0.272166,
-0.043821,
0.140609,
0.150829,
0.316206,
-0.386108,
-0.169947,
-0.210428,
-0.139690,
-0.017231,
-0.059117,
0.047806,
0.238711,
-0.245463,
-0.067651,
-0.011575,
-0.114762,
-0.163278,
-0.219727,
0.072983,
-0.014450,
-0.210817,
0.161120,
0.068461,
0.243131,
0.049121,
0.119557,
-0.059358,
-0.071789,
-0.237330,
0.209982,
-0.425409,
-0.082261,
0.402468,
0.048112,
0.502379,
-0.116148,
-0.430389,
-0.246938,
-0.074907,
0.088310,
-0.442919,
-0.051167,
-0.062621,
0.121607,
0.136396,
-0.249364,
0.208183,
-0.289115,
0.027360,
-0.210507,
0.095725,
0.048876,
-0.013749,
0.370932,
-0.062940,
-0.168445,
-0.129127,
0.254278,
0.015391,
-0.229547,
-0.141449,
-0.211770,
-0.086198,
-0.092983,
0.094020,
0.199215,
-0.310012,
-0.028886,
0.001952,
-0.291377,
0.119560,
0.190461,
0.169724,
-0.036716,
-0.058718,
0.240057,
0.169657,
-0.048401,
0.154037,
-0.043878,
0.025439,
-0.235289,
0.213704,
0.164910,
0.350030,
0.230029,
-0.091417,
0.007971,
0.214031,
-0.005435,
0.021871,
-0.234126,
-0.098282,
-0.068454,
0.118480,
0.011160,
-0.085460,
-0.037616,
0.276781,
-0.199449,
0.035115,
-0.109985,
0.184970,
0.047717,
0.074587,
0.254663,
0.229982,
0.132561,
-0.282649,
-0.301656,
0.242068,
0.221958,
0.331731,
0.273239,
-0.375056,
0.219510,
0.229007,
0.268552,
-0.054952,
-0.127316,
0.025220,
0.165133,
0.150962,
-0.010990,
-0.094447,
-0.099832,
0.237471,
0.135042,
0.272839,
-0.155875,
-0.154231,
0.070605,
0.112274,
0.266406,
0.200827,
-0.182830,
-0.262612,
0.138004,
0.027961,
0.302414,
-0.177278,
0.259804,
-0.430434,
-0.094475,
-0.219728,
0.255316,
-0.144331,
-0.123732,
0.158569,
-0.249411,
-0.107429,
-0.066459,
0.186617,
0.167181,
0.169530,
0.204344,
0.230608,
0.212138,
0.024189,
-0.105910,
-0.081210,
-0.063649,
0.124732,
-0.304459,
-0.052294,
-0.341654,
-0.056156,
0.023124,
0.022430,
0.041071,
0.065212,
-0.523085,
-0.350691,
0.067359,
0.266988,
0.287282,
0.336635,
-0.205250,
0.173822,
0.172640,
-0.208836,
0.041108,
-0.343185,
0.184806,
-0.304962,
-0.060419,
-0.135465,
-0.060185,
0.067019,
-0.270808,
0.147379,
-0.317274,
0.255776,
0.220413,
0.080874,
-0.250184,
0.094069,
0.089926,
0.117574,
0.058066,
-0.062634,
-0.296881,
-0.325639,
0.423417,
0.091652,
0.169580,
0.017488,
0.336371,
-0.070356,
-0.080269,
0.253468,
-0.021347,
-0.023937,
0.224024,
-0.135487,
-0.036730,
0.186176,
-0.287120,
-0.184812,
-0.026034,
-0.301950,
-0.006394,
-0.288247,
0.178424,
-0.120678,
0.241367,
0.250734,
-0.210197,
0.080467,
0.123042,
0.293125,
-0.107216,
0.013100,
-0.053060,
-0.067135,
0.351778,
-0.044624,
0.058826,
0.277131,
-0.073069,
0.008782,
-0.139565,
0.247584,
-0.020028,
0.295631,
0.337649,
-0.125110,
-0.144607,
0.261276,
-0.251341,
-0.202409,
0.199825,
-0.220967,
-0.108749,
0.120017,
-0.108262,
-0.304053,
-0.121837,
-0.158835,
0.226465,
0.279438,
-0.103972,
0.058276,
0.215034,
0.176103,
-0.130804,
0.016341,
0.303412,
-0.128339,
-0.193725,
0.053678,
0.281196,
0.116974,
-0.126866,
0.039561,
0.130974,
0.350088,
0.202983,
0.066001,
0.136037,
0.110309,
-0.137946,
0.097831,
-0.245361,
-0.261930,
-0.192045,
0.178724,
-0.258246,
0.230956,
0.149431,
-0.028380,
0.098307,
-0.254719,
-0.206903,
0.272175,
-0.137159,
0.192875,
-0.315583,
0.152006,
-0.105213,
0.051326,
-0.085157,
-0.165551,
0.218783,
-0.188293,
-0.358817,
-0.292526,
-0.179031,
-0.159363,
0.284105,
-0.245635,
0.167975,
-0.183543,
-0.030432,
0.123991,
-0.249861,
0.027129,
-0.168574,
-0.229592,
0.294385,
-0.086978,
0.114956,
-0.276064,
-0.207029,
0.092311,
0.140153,
0.268608,
-0.161870,
0.022348,
-0.196951,
0.103075,
0.042186,
0.090919,
-0.246599,
0.228497,
0.009639,
0.047059,
0.307962,
0.255556,
0.248985,
-0.109985,
-0.051015,
0.098358,
0.004267,
0.069405,
-0.137570,
-0.109742,
-0.216682,
0.136313,
0.117517,
-0.083287,
-0.056090,
-0.180225,
-0.255700,
0.316765,
-0.294336,
-0.059530,
0.105988,
0.321555,
-0.027085,
-0.124468,
-0.254129,
0.018083,
0.052334,
-0.033919,
-0.033876,
0.235885,
0.205559,
0.313937,
0.122953,
0.275013,
-0.065186,
-0.189686,
-0.243400,
0.108416,
-0.081830,
0.021443,
-0.494041,
-0.216388,
0.307340,
0.204001,
-0.231695,
0.286604,
0.236898,
-0.363132,
0.277570,
-0.212161,
0.188305,
-0.312828,
0.183196,
-0.317302,
0.118629,
-0.280283,
-0.048446,
-0.131263,
-0.171749,
-0.120011,
-0.261041,
-0.085555,
0.263237,
-0.250037,
0.316800,
0.088911,
-0.378354,
-0.207133,
0.042373,
0.308298,
0.262292,
0.251778,
-0.009094,
0.255668,
-0.210978,
0.112410,
0.381347,
0.137558,
-0.110102,
-0.105876,
0.297173,
-0.099897,
-0.181289,
-0.210259,
0.210497,
-0.225419,
0.088545,
0.008126,
0.146912,
-0.083879,
0.070673,
-0.181229,
0.295791,
0.039446,
-0.309640,
0.145163,
0.032333,
-0.303640,
0.144184,
-0.086561,
0.200484,
0.065422,
0.359514,
-0.070907,
0.430073,
0.048825,
-0.113029,
0.162556,
0.134285,
-0.222294,
0.179487,
-0.060223,
0.184821,
0.266210,
0.108377,
-0.058007,
0.364519,
-0.400923,
0.217777,
-0.105782,
0.019637,
-0.160223,
0.129842,
-0.069080,
-0.043307,
-0.156096,
-0.031170,
0.210957,
0.181686,
-0.251790,
-0.267993,
-0.194628,
-0.141000,
0.168798,
0.178483,
0.142893,
0.152599,
-0.178232,
0.353869,
0.010164,
0.277673,
0.043463,
0.268804,
0.274834,
0.099328,
-0.178545,
-0.091171,
0.194773,
0.103420,
0.260987,
0.437700,
0.051076,
-0.227432,
-0.101369,
0.411643,
0.129135,
-0.020320,
-0.385146,
-0.038553,
-0.017389,
0.100541,
-0.214245,
-0.250257,
-0.247117,
-0.206342,
0.053440,
0.201239,
-0.051753,
0.033356,
0.256465,
-0.293015,
-0.277288,
-0.280050,
-0.339283,
0.237238,
0.159581,
0.074411,
-0.069840,
-0.145477,
-0.088627,
0.172328,
0.238703,
0.252554,
0.124832,
-0.027482,
-0.172079,
-0.117570,
-0.061375,
0.287875,
-0.423959,
0.382897,
-0.131584,
0.490158,
0.142582,
-0.271197,
-0.307392,
-0.328101,
-0.184846,
-0.273140,
-0.315060,
0.140479,
0.288235,
-0.060482,
0.178293,
-0.181015,
0.392075,
-0.182239,
0.043951,
-0.159682,
0.207343,
0.207035,
-0.216126,
-0.113395,
0.044509,
0.161079,
-0.145666,
-0.353004,
0.116903,
-0.258619,
0.165334,
-0.115116,
0.352381,
-0.051127,
0.091643,
-0.023070,
0.087982,
-0.006879,
0.042726,
-0.134546,
-0.211873,
-0.152932,
0.137803,
0.188922,
-0.021473,
-0.009845,
0.050709,
-0.157712,
-0.395031,
0.296130,
-0.150776,
-0.242615,
0.000559,
0.159209,
-0.131789,
-0.188863,
0.198332,
-0.161920,
0.240121,
0.070493,
-0.141062,
0.436037,
-0.209075,
-0.125982,
-0.296204,
0.026736,
0.103126,
-0.053322,
-0.097885,
0.236998,
0.377679,
0.346772,
-0.123696,
-0.365300,
0.185715,
0.332088,
-0.284081,
-0.263499,
-0.170669,
-0.162056,
-0.184864,
-0.225909,
-0.233998,
0.262108,
-0.223550,
0.063967,
0.136042,
0.115357,
0.258656,
-0.021538,
0.058698,
-0.205922,
-0.215992,
0.226252,
-0.158748,
0.117399,
0.290167,
0.161152,
-0.159940,
-0.024475,
0.257948,
-0.146382,
-0.186239,
-0.001866,
0.263592,
0.306432,
0.046389,
-0.005703,
-0.203632,
-0.242139,
0.107333,
0.204118,
0.109273,
0.126075,
0.050460,
0.028566,
0.135721,
-0.186323,
0.176322,
-0.094523,
0.127659,
-0.160070,
-0.270666,
0.208318,
0.278438,
0.146453,
-0.216842,
0.104860,
0.110853,
-0.088422,
-0.229112,
0.281870,
-0.082393,
0.245501,
0.113135,
0.232382,
-0.271536,
-0.053962,
0.233282,
0.275595,
0.187180,
-0.212386,
0.068004,
-0.024035,
-0.001083,
-0.208986,
0.086351,
-0.161795,
0.339031,
-0.227898,
-0.301809,
-0.151646,
-0.056447,
-0.049510,
-0.427255,
-0.250992,
-0.254390,
0.100790,
0.051503,
-0.263832,
0.310490,
-0.075771,
0.199559,
0.055291,
0.247543,
-0.171286,
0.224003,
0.129424,
-0.014721,
-0.088387,
0.007174,
0.288822,
0.100646,
-0.023391,
-0.079909,
-0.263971,
-0.310276,
0.010890,
-0.137765,
-0.012995,
-0.295052,
-0.172206,
0.089195,
-0.109255,
0.144707,
-0.005787,
-0.259251,
0.162603,
0.183753,
-0.154579,
-0.073881,
-0.157304,
-0.018134,
0.207219,
0.123509,
-0.190256,
0.101845,
0.158945,
0.015677,
-0.057738,
-0.226804,
0.219483,
0.179813,
-0.193123,
-0.201328,
0.087886,
-0.266569,
0.371194,
-0.005087,
-0.265555,
-0.273223,
-0.095837,
0.138376,
-0.281924,
-0.041591,
0.204557,
-0.345637,
-0.080510,
0.072132,
-0.158962,
-0.153636,
0.052278,
0.162170,
0.051100,
-0.206108,
-0.062846,
0.211350,
0.349854,
-0.114180,
-0.316245,
-0.302416,
-0.268851,
-0.119410,
0.233620,
0.235292,
-0.213764,
-0.052191,
-0.002717,
0.135424,
-0.245644,
-0.202877,
0.340269,
0.093463,
0.097147,
-0.235894,
0.200365,
0.024363,
-0.261695,
0.279914,
-0.005808,
0.033134,
0.335277,
-0.286957,
0.038614,
0.169859,
-0.063110,
-0.319747,
0.420577,
0.109433,
0.337178,
-0.073033,
-0.334710,
0.269403,
-0.306931,
-0.297782,
0.201103,
0.055482,
0.314261,
-0.079802,
0.064316,
0.278024,
0.040583,
0.088126,
0.333871,
0.253440,
0.009968,
0.286779,
0.331435,
0.192764,
0.067614,
0.029900,
0.265916,
0.078221,
0.251386,
-0.235843,
-0.454449,
-0.358691,
-0.160854,
0.320786,
-0.118376,
0.119656,
-0.246688,
-0.120748,
0.014361,
0.369381,
0.093033,
0.108826,
-0.207580,
0.207734,
0.088847,
0.085613,
-0.264327,
0.089008,
0.104967,
-0.053664,
0.146217,
0.307731,
0.033580,
0.329710,
-0.067916,
0.475585,
-0.263147,
0.316711,
0.034012,
0.292981,
0.119206,
0.082152,
0.301292,
0.148673,
-0.293050,
-0.147191,
0.161169,
0.272676,
0.091898,
-0.289740,
0.583842,
-0.044873,
0.326016,
-0.165428,
-0.317031,
0.058331,
0.221278,
-0.136355,
0.143225,
-0.263338,
0.095558,
0.220477,
0.064612,
0.029016,
0.031147,
-0.171950,
0.275492,
-0.103273,
-0.145668,
-0.150027,
0.118619,
0.234885,
0.296950,
-0.134179,
-0.100343,
0.266394,
0.138348,
0.276206,
-0.186573,
0.094347,
-0.178090,
-0.222837,
-0.066168,
0.232231,
0.319695,
-0.296504,
0.400350,
-0.384111,
0.390272,
-0.275992,
-0.171187,
0.014418,
0.012662,
-0.229127,
-0.082158,
0.022732,
0.085960,
0.295719,
0.028907,
0.116247,
-0.175631,
-0.077327,
0.203985,
-0.184254,
0.117526,
-0.174396,
-0.208235,
-0.300666,
0.213080,
-0.103730,
-0.217651,
-0.070681,
-0.501813,
-0.274666,
0.410994,
-0.042546,
-0.121943,
0.135583,
-0.297226,
0.136555,
-0.052222,
-0.073363,
-0.293200,
-0.243350,
0.239143,
-0.038090,
-0.095713,
0.314395,
0.210643,
0.133852,
0.194866,
0.194187,
0.003282,
0.240270,
0.237756,
0.005007,
-0.087143,
0.136201,
-0.236877,
0.220378,
0.295364,
-0.233666,
0.086512,
-0.222843,
0.192231,
-0.063749,
0.274649,
0.028455,
0.084337,
-0.135422,
-0.205512,
-0.199204,
0.155046,
-0.242757,
-0.282805,
0.201156,
0.092037,
-0.030495,
-0.195002,
-0.008499,
0.260462,
0.022765,
0.019118,
-0.154132,
-0.167632,
0.300215,
0.064744,
0.214669,
0.196003,
-0.133698,
0.164231,
0.076370,
-0.283972,
-0.289056,
0.361481,
-0.123105,
-0.202660,
0.215973,
0.352877,
0.323030,
0.126383,
0.252394,
-0.278491,
0.059666,
-0.020432,
-0.210626,
0.056593,
-0.078122,
-0.280594,
-0.153150,
0.209778,
-0.213797,
0.175235,
0.329000,
0.229687,
-0.297685,
0.114406,
-0.194380,
-0.130483,
-0.145941,
0.222974,
0.017005,
-0.191090,
-0.224812,
-0.248085,
-0.007176,
0.165484,
-0.185820,
-0.129836,
-0.041996,
-0.024855,
-0.267179,
-0.075968,
0.014713,
0.230097,
0.430702,
-0.015258,
-0.243178,
0.220103,
0.142626,
0.185615,
0.240367,
-0.176029,
-0.025917,
0.171920