0.118585,
-0.276278,
-0.053827,
-0.263760,
-0.434478,
-0.605297,
-0.807920,
-0.137518,
0.530391,
0.128333,
0.446952,
-0.290939,
0.145695,
0.246981,
-0.083733,
-0.530138,
-0.186236,
-0.309457,
0.369211,
-0.660448,
0.647835,
-0.681843,
-0.112670,
-0.171842,
0.619486,
-0.043439,
0.324697,
0.197454,
-0.493543,
0.112532,
0.393663,
-0.470403,
0.064678,
0.124950,
-0.273213,
-0.000992,
0.900560,
-0.261035,
0.511507,
-0.112090,
0.006920,
0.436519,
0.002335,
0.639628,
0.089501,
0.670453,
0.021963,
-0.542173,
0.033088,
0.247961,
-0.334725,
0.427834,
0.062772,
0.549241,
0.196046,
-0.403666,
0.143603,
-0.267775,
-0.204963,
0.484359,
0.540017,
0.459010,
0.305629,
0.448890,
0.362185,
0.058493,
-0.378414,
0.121083,
0.033540,
-0.090832,
0.400626,
0.063943,
0.452152,
-0.180286,
0.210208,
-0.110951,
0.328148,
-0.383875,
0.244011,
0.441553,
-0.147614,
0.396414,
0.041332,
-0.536074,
-0.385431,
-0.157426,
-0.332840,
0.181688,
-0.150785,
0.386665,
-0.176468,
0.104224,
-0.423630,
0.384038,
0.073419,
0.148550,
0.134682,
0.785959,
1.088716,
0.702128,
0.269042,
-0.040476,
0.269706,
-0.249693,
-0.683853,
-0.503351,
0.914545,
-0.307720,
-0.422585,
-0.220591,
-0.361580,
-0.213681,
0.189520,
-0.171903,
0.506040,
-0.095274,
0.193144,
0.263594,
-0.171339,
0.094122,
0.059009,
0.275007,
-0.574518,
0.636253,
0.805721,
-0.363057,
0.455796,
0.423379,
0.037270,
-1.020267,
0.780395,
-0.033312,
0.355581,
-0.823302,
0.114268,
-0.078843,
-0.374351,
-0.676543,
-0.541993,
0.205768,
-0.036441,
-0.340691,
-0.511429,
0.193818,
0.244325,
0.922253,
0.261175,
-0.242245,
-0.017107,
0.835752,
1.135172,
0.035044,
0.590379,
0.475060,
-0.436765,
-0.552702,
0.488199,
0.561884,
0.001834,
-0.069138,
-0.138950,
-0.010311,
0.064493,
-0.087042,
0.200205,
0.168582,
-0.337464,
0.330506,
-0.333000,
-0.187685,
0.443408,
0.170552,
-0.431446,
-0.013856,
-0.413709,
-0.462553,
-0.720473,
0.274630,
-0.228954,
-0.003665,
0.862704,
-0.768173,
-0.269916,
-0.307604,
0.570386,
0.377391,
0.809655,
0.787915,
0.569327,
0.719661,
-0.399575,
-0.107898,
-0.284933,
-0.141382,
-0.328794,
0.214599,
0.079245,
-0.416106,
0.282419,
-0.445560,
0.237886,
-0.306685,
0.314648,
0.494656,
0.384005,
0.264556,
-0.289470,
0.061759,
-0.377288,
0.522467,
-0.126096,
0.027198,
-0.016264,
0.264509,
0.333099,
-0.396899,
0.172249,
-0.362429,
-0.191210,
-0.363980,
-0.497957,
-0.296562,
-0.229411,
0.278821,
-0.238504,
0.417396,
-0.446670,
-0.126978,
-0.438953,
-0.423457,
-0.200842,
0.394892,
0.011682,
-0.173207,
0.538940,
-0.270955,
0.515260,
-0.135000,
0.472212,
0.139298,
-0.559927,
0.028044,
0.428440,
-0.498752,
-0.922467,
0.141925,
-0.348463,
0.028922,
0.991569,
0.914116,
-0.001899,
-0.344607,
-0.156774,
-0.231514,
-0.499285,
-0.124720,
0.272621,
-0.388175,
-0.502388,
-0.536587,
-0.517509,
0.252414,
0.402886,
-0.366872,
0.001499,
0.271175,
-0.291527,
-0.386513,
0.545083,
-0.314080,
-0.189425,
-0.217209,
-0.501019,
-0.065322,
0.654859,
0.271290,
-0.219133,
-0.141337,
0.090209,
-0.033782,
-0.212623,
-0.403024,
0.076832,
0.163506,
-0.157207,
0.266296,
-0.222510,
0.002211,
0.033940,
0.367097,
0.597626,
0.043581,
-0.405841,
-0.247337,
-0.360288,
-0.384448,
-0.066865,
-0.184410,
-0.344683,
0.189896,
-0.213778,
0.261157,
-0.127582,
0.128151,
0.608854,
0.147892,
-0.436680,
0.418712,
0.167936,
-0.008845,
-0.683405,
0.410735,
0.695876,
-0.257631,
-0.573525,
-0.509736,
-0.296593,
-0.521770,
-0.494631,
0.064017